Starting Dynare (version 4.5.7).
Starting preprocessing of the model file ...
Found 29 equation(s).
Evaluating expressions...done
Computing static model derivatives:
 - order 1
Computing dynamic model derivatives:
 - order 1
Processing outputs ...
done
Preprocessing completed.




Residuals of the static equations:

Equation number 1 : 0
Equation number 2 : 0
Equation number 3 : 0
Equation number 4 : 0
Equation number 5 : 0
Equation number 6 : 0
Equation number 7 : 0
Equation number 8 : 0
Equation number 9 : 0
Equation number 10 : 0
Equation number 11 : 0
Equation number 12 : 0
Equation number 13 : 0
Equation number 14 : 0
Equation number 15 : 0
Equation number 16 : 0
Equation number 17 : 0
Equation number 18 : 0
Equation number 19 : 0
Equation number 20 : 0
Equation number 21 : 0
Equation number 22 : 0
Equation number 23 : 0
Equation number 24 : 0
Equation number 25 : 0
Equation number 26 : 0
Equation number 27 : 0
Equation number 28 : 0
Equation number 29 : 0



EIGENVALUES:
         Modulus             Real        Imaginary

               0                0                0
               0               -0                0
       1.468e-16        -8.25e-18        1.466e-16
          0.8885           0.8883         -0.01552
          0.8885           0.8883          0.01552
            0.95             0.95       -5.199e-17
          0.9776           0.9776        2.152e-16
           1.047            1.047        8.594e-17
           1.151            1.151         -0.02251
           1.151            1.151          0.02251
       1.029e+04        1.029e+04        8.722e-09
       2.353e+17       -2.353e+17                0
             Inf             -Inf                0
             Inf             -Inf                0
             Inf             -Inf                0
             Inf             -Inf                0
             Inf             -Inf                0


There are 10 eigenvalue(s) larger than 1 in modulus 
for 10 forward-looking variable(s)

The rank condition is verified.


STEADY-STATE RESULTS:

c       		 0.224174
h       		 0.32947
a       		 0.295923
i       		 0.0717491
d       		 0.1
r       		 1.02958
a_T     		 0.296406
a_N     		 0.295665
y_T     		 0.298638
y_N     		 0.295665
k_T     		 0.78296
k_N     		 0.484693
i_T     		 0.0443155
i_N     		 0.0274336
h_T     		 0.0698872
h_N     		 0.259583
lambda  		 3.55303
z       		 1
g       		 1.0066
p       		 2.87583
p_N     		 1.87583
tb      		 0.00077606
delta_c 		 0.00657832
delta_y 		 0.00657832
tby     		 0.00261565
y       		 0.296699
logY    		 -1.21504
logC    		 -1.49533
logI    		 -2.63458

MODEL SUMMARY

  Number of variables:         29
  Number of stochastic shocks: 2
  Number of state variables:   7
  Number of jumpers:           10
  Number of static variables:  16


MATRIX OF COVARIANCE OF EXOGENOUS SHOCKS
Variables          ez        eg
ez           1.000000  0.000000
eg           0.000000  1.000000

POLICY AND TRANSITION FUNCTIONS
                                   c               h               a               i               d               r             a_T             a_N             y_T             y_N             k_T             k_N             i_T             i_N             h_T             h_N          lambda               z               g               p             p_N              tb         delta_c         delta_y             tby               y            logY            logC            logI
Constant                    0.224174        0.329470        0.295923        0.071749        0.100000        1.029578        0.296406        0.295665        0.298638        0.295665        0.782960        0.484693        0.044316        0.027434        0.069887        0.259583        3.553028        1.000000        1.006600        2.875828        1.875833        0.000776        0.006578        0.006578        0.002616        0.296699       -1.215036       -1.495332       -2.634579
c(-1)                              0               0               0               0               0               0               0               0               0               0               0               0               0               0               0               0               0               0               0               0               0               0       -4.460818               0               0               0               0               0               0
z(-1)                       0.143994        0.166255        0.451318        0.307324        0.207817        0.000342        0.470534        0.441073        0.267388        0.441073        0.193557        0.111752        0.194835        0.112489       -0.009547        0.175802       -2.539995        0.950000               0        0.407478        0.407834       -0.070749        0.642329        1.282674       -0.241809        0.380569        1.282674        0.642329        4.283316
y(-1)                              0               0               0               0               0               0               0               0               0               0               0               0               0               0               0               0               0               0               0               0               0               0               0       -3.370415               0               0               0               0               0
d(-1)                      -0.006233        0.009832        0.004904        0.011137        1.020164        0.001036        0.002934        0.005955        0.005636        0.005955        0.010874        0.000190        0.010946        0.000192        0.003298        0.006535        0.167701               0               0       -0.043622       -0.043660        0.000951       -0.027805        0.019736        0.003155        0.005856        0.019736       -0.027805        0.155226
k_T(-1)                     0.019730        0.005628       -0.049970       -0.069700       -0.390975       -0.000746       -0.038137       -0.056277        0.344041       -0.056277        0.886212       -0.011684       -0.057939       -0.011761        0.067390       -0.061762       -0.406203               0               0        0.262713        0.262943        0.132822        0.088013        0.279248        0.446936        0.082853        0.279248        0.088013       -0.971440
k_N(-1)                     0.065118       -0.007451        0.099944        0.034826        0.072941        0.000085        0.066693        0.117670       -0.004612        0.117670        0.130435        0.847934        0.131296       -0.096470       -0.002698       -0.004753       -1.428908               0               0       -0.736805       -0.737449       -0.024596        0.290481        0.253956       -0.083562        0.075348        0.253956        0.290481        0.485383
g(-1)                              0               0               0               0               0               0               0               0               0               0               0               0               0               0               0               0               0               0               0               0               0               0        0.993443        0.993443               0               0               0               0               0
ez                          0.000803        0.000928        0.002518        0.001715        0.001159        0.000002        0.002625        0.002461        0.001492        0.002461        0.001080        0.000623        0.001087        0.000628       -0.000053        0.000981       -0.014170        0.005300               0        0.002273        0.002275       -0.000395        0.003584        0.007156       -0.001349        0.002123        0.007156        0.003584        0.023896
eg                          0.003787       -0.000038        0.006094        0.002307        0.003594        0.000009        0.006255        0.006009        0.000659        0.006009       -0.016149       -0.008560        0.000531        0.001776       -0.001103        0.001065       -0.081755               0        0.021441        0.003318        0.003321       -0.001947        0.016893        0.013979       -0.006598        0.004148        0.013979        0.016893        0.032159


THEORETICAL MOMENTS
VARIABLE         MEAN  STD. DEV.   VARIANCE
c              0.2242     0.0069     0.0000
h              0.3295     0.0066     0.0000
a              0.2959     0.0097     0.0001
i              0.0717     0.0067     0.0000
d              0.1000     0.6297     0.3965
r              1.0296     0.0006     0.0000
a_T            0.2964     0.0102     0.0001
a_N            0.2957     0.0096     0.0001
y_T            0.2986     0.0264     0.0007
y_N            0.2957     0.0096     0.0001
k_T            0.7830     0.0666     0.0044
k_N            0.4847     0.0181     0.0003
i_T            0.0443     0.0051     0.0000
i_N            0.0274     0.0028     0.0000
h_T            0.0699     0.0058     0.0000
h_N            0.2596     0.0042     0.0000
lambda         3.5530     0.1579     0.0249
z              1.0000     0.0170     0.0003
g              1.0066     0.0214     0.0005
p              2.8758     0.0202     0.0004
p_N            1.8758     0.0202     0.0004
tb             0.0008     0.0089     0.0001
delta_c        0.0066     0.0173     0.0003
delta_y        0.0066     0.0159     0.0003
tby            0.0026     0.0299     0.0009
y              0.2967     0.0124     0.0002
logY          -1.2150     0.0420     0.0018
logC          -1.4953     0.0310     0.0010
logI          -2.6346     0.0933     0.0087



MATRIX OF CORRELATIONS
Variables          c        h        a        i        d        r      a_T      a_N      y_T      y_N      k_T      k_N      i_T      i_N      h_T      h_N   lambda        z        g        p      p_N       tb  delta_c  delta_y      tby        y     logY     logC     logI
c             1.0000  -0.3026   0.7268   0.0208  -0.6151  -0.6224   0.7723   0.6987   0.1552   0.6987  -0.0227   0.3496  -0.1460   0.3107  -0.2409  -0.1449  -0.9908   0.6069   0.5456   0.8196   0.8196  -0.1471   0.5276   0.4365  -0.1492   0.4636   0.4636   1.0000   0.0208
h            -0.3026   1.0000   0.2897   0.7355   0.8838   0.8765   0.2336   0.3207   0.7038   0.3207   0.6443  -0.0875   0.8882   0.1472   0.7828   0.4974   0.4291   0.2925  -0.0057  -0.4980  -0.4980   0.6322   0.0412   0.0856   0.6312   0.6787   0.6787  -0.3026   0.7355
a             0.7268   0.2897   1.0000   0.7019  -0.0506  -0.0485   0.9966   0.9989   0.2770   0.9989   0.0268   0.0171   0.5284   0.7121  -0.0444   0.5221  -0.6475   0.7555   0.6255   0.3938   0.3938  -0.1105   0.6623   0.6537  -0.1133   0.7037   0.7037   0.7268   0.7019
i             0.0208   0.7355   0.7019   1.0000   0.5642   0.5749   0.6496   0.7293   0.2422   0.7293   0.0626  -0.3376   0.9205   0.7143   0.1852   0.9102   0.0849   0.4704   0.3447  -0.2767  -0.2767  -0.0082   0.4170   0.4989  -0.0102   0.5435   0.5435   0.0208   1.0000
d            -0.6151   0.8838  -0.0506   0.5642   1.0000   0.9995  -0.1206  -0.0108   0.4752  -0.0108   0.4576  -0.3647   0.7241   0.0361   0.6957   0.4343   0.7086  -0.1843   0.0057  -0.7983  -0.7983   0.5376   0.0314   0.0684   0.5376   0.3447   0.3447  -0.6151   0.5642
r            -0.6224   0.8765  -0.0485   0.5749   0.9995   1.0000  -0.1194  -0.0082   0.4484  -0.0082   0.4283  -0.3889   0.7267   0.0569   0.6716   0.4561   0.7145  -0.1946   0.0149  -0.8077  -0.8077   0.5095   0.0417   0.0817   0.5095   0.3263   0.3263  -0.6224   0.5749
a_T           0.7723   0.2336   0.9966   0.6496  -0.1206  -0.1194   1.0000   0.9916   0.2665   0.9916   0.0196   0.0498   0.4661   0.7002  -0.0721   0.4715  -0.6987   0.7759   0.6160   0.4686   0.4686  -0.1226   0.6510   0.6367  -0.1255   0.6923   0.6923   0.7723   0.6496
a_N           0.6987   0.3207   0.9989   0.7293  -0.0108  -0.0082   0.9916   1.0000   0.2820   1.0000   0.0308  -0.0014   0.5620   0.7167  -0.0285   0.5492  -0.6166   0.7417   0.6290   0.3503   0.3503  -0.1032   0.6668   0.6614  -0.1061   0.7080   0.7080   0.6987   0.7293
y_T           0.1552   0.7038   0.2770   0.2422   0.4752   0.4484   0.2665   0.2820   1.0000   0.2820   0.9577   0.4112   0.4528  -0.2387   0.9195  -0.1637  -0.0469   0.4205   0.0250   0.0036   0.0036   0.9239   0.0195  -0.0477   0.9228   0.8772   0.8772   0.1552   0.2422
y_N           0.6987   0.3207   0.9989   0.7293  -0.0108  -0.0082   0.9916   1.0000   0.2820   1.0000   0.0308  -0.0014   0.5620   0.7167  -0.0285   0.5492  -0.6166   0.7417   0.6290   0.3503   0.3503  -0.1032   0.6668   0.6614  -0.1061   0.7080   0.7080   0.6987   0.7293
k_T          -0.0227   0.6443   0.0268   0.0626   0.4576   0.4283   0.0196   0.0308   0.9577   0.0308   1.0000   0.5255   0.3463  -0.4723   0.9540  -0.3064   0.1132   0.3197  -0.2423  -0.0688  -0.0688   0.9783  -0.2517  -0.3028   0.9779   0.7204   0.7204  -0.0227   0.0626
k_N           0.3496  -0.0875   0.0171  -0.3376  -0.3647  -0.3889   0.0498  -0.0014   0.4112  -0.0014   0.5255   1.0000  -0.0993  -0.6199   0.2853  -0.5367  -0.3438   0.4952  -0.4739   0.3700   0.3700   0.4034  -0.4955  -0.5152   0.4032   0.3018   0.3018   0.3496  -0.3376
i_T          -0.1460   0.8882   0.5284   0.9205   0.7241   0.7267   0.4661   0.5620   0.4528   0.5620   0.3463  -0.0993   1.0000   0.3841   0.4684   0.7581   0.2648   0.4371   0.1047  -0.4627  -0.4627   0.2816   0.1667   0.2510   0.2799   0.6148   0.6148  -0.1460   0.9205
i_N           0.3107   0.1472   0.7121   0.7143   0.0361   0.0569   0.7002   0.7167  -0.2387   0.7167  -0.4723  -0.6199   0.3841   1.0000  -0.4012   0.7931  -0.2735   0.3287   0.6270   0.1749   0.1749  -0.5237   0.6867   0.7292  -0.5255   0.1830   0.1830   0.3107   0.7143
h_T          -0.2409   0.7828  -0.0444   0.1852   0.6957   0.6716  -0.0721  -0.0285   0.9195  -0.0285   0.9540   0.2853   0.4684  -0.4012   1.0000  -0.1505   0.3397   0.1388  -0.1898  -0.3266  -0.3266   0.9755  -0.1942  -0.2312   0.9753   0.6626   0.6626  -0.2409   0.1852
h_N          -0.1449   0.4974   0.5221   0.9102   0.4343   0.4561   0.4715   0.5492  -0.1637   0.5492  -0.3064  -0.5367   0.7581   0.7931  -0.1505   1.0000   0.2081   0.2712   0.2555  -0.3359  -0.3359  -0.3555   0.3362   0.4582  -0.3569   0.1545   0.1545  -0.1449   0.9102
lambda       -0.9908   0.4291  -0.6475   0.0849   0.7086   0.7145  -0.6987  -0.6166  -0.0469  -0.6166   0.1132  -0.3438   0.2648  -0.2735   0.3397   0.2081   1.0000  -0.5335  -0.5178  -0.8476  -0.8476   0.2294  -0.4941  -0.4015   0.2312  -0.3428  -0.3428  -0.9908   0.0849
z             0.6069   0.2925   0.7555   0.4704  -0.1843  -0.1946   0.7759   0.7417   0.4205   0.7417   0.3197   0.4952   0.4371   0.3287   0.1388   0.2712  -0.5335   1.0000   0.0000   0.5526   0.5526   0.1247   0.0543   0.0897   0.1225   0.6805   0.6805   0.6069   0.4704
g             0.5456  -0.0057   0.6255   0.3447   0.0057   0.0149   0.6160   0.6290   0.0250   0.6290  -0.2423  -0.4739   0.1047   0.6270  -0.1898   0.2555  -0.5178   0.0000   1.0000   0.1645   0.1645  -0.2187   0.9770   0.8780  -0.2205   0.3332   0.3332   0.5456   0.3447
p             0.8196  -0.4980   0.3938  -0.2767  -0.7983  -0.8077   0.4686   0.3503   0.0036   0.3503  -0.0688   0.3700  -0.4627   0.1749  -0.3266  -0.3359  -0.8476   0.5526   0.1645   1.0000   1.0000  -0.1828   0.1599   0.0934  -0.1839   0.1775   0.1775   0.8196  -0.2767
p_N           0.8196  -0.4980   0.3938  -0.2767  -0.7983  -0.8077   0.4686   0.3503   0.0036   0.3503  -0.0688   0.3700  -0.4627   0.1749  -0.3266  -0.3359  -0.8476   0.5526   0.1645   1.0000   1.0000  -0.1828   0.1599   0.0934  -0.1839   0.1775   0.1775   0.8196  -0.2767
tb           -0.1471   0.6322  -0.1105  -0.0082   0.5376   0.5095  -0.1226  -0.1032   0.9239  -0.1032   0.9783   0.4034   0.2816  -0.5237   0.9755  -0.3555   0.2294   0.1247  -0.2187  -0.1828  -0.1828   1.0000  -0.2383  -0.3018   1.0000   0.6284   0.6284  -0.1471  -0.0082
delta_c       0.5276   0.0412   0.6623   0.4170   0.0314   0.0417   0.6510   0.6668   0.0195   0.6668  -0.2517  -0.4955   0.1667   0.6867  -0.1942   0.3362  -0.4941   0.0543   0.9770   0.1599   0.1599  -0.2383   1.0000   0.9581  -0.2401   0.3480   0.3480   0.5276   0.4170
delta_y       0.4365   0.0856   0.6537   0.4989   0.0684   0.0817   0.6367   0.6614  -0.0477   0.6614  -0.3028  -0.5152   0.2510   0.7292  -0.2312   0.4582  -0.4015   0.0897   0.8780   0.0934   0.0934  -0.3018   0.9581   1.0000  -0.3035   0.2959   0.2959   0.4365   0.4989
tby          -0.1492   0.6312  -0.1133  -0.0102   0.5376   0.5095  -0.1255  -0.1061   0.9228  -0.1061   0.9779   0.4032   0.2799  -0.5255   0.9753  -0.3569   0.2312   0.1225  -0.2205  -0.1839  -0.1839   1.0000  -0.2401  -0.3035   1.0000   0.6262   0.6262  -0.1492  -0.0102
y             0.4636   0.6787   0.7037   0.5435   0.3447   0.3263   0.6923   0.7080   0.8772   0.7080   0.7204   0.3018   0.6148   0.1830   0.6626   0.1545  -0.3428   0.6805   0.3332   0.1775   0.1775   0.6284   0.3480   0.2959   0.6262   1.0000   1.0000   0.4636   0.5435
logY          0.4636   0.6787   0.7037   0.5435   0.3447   0.3263   0.6923   0.7080   0.8772   0.7080   0.7204   0.3018   0.6148   0.1830   0.6626   0.1545  -0.3428   0.6805   0.3332   0.1775   0.1775   0.6284   0.3480   0.2959   0.6262   1.0000   1.0000   0.4636   0.5435
logC          1.0000  -0.3026   0.7268   0.0208  -0.6151  -0.6224   0.7723   0.6987   0.1552   0.6987  -0.0227   0.3496  -0.1460   0.3107  -0.2409  -0.1449  -0.9908   0.6069   0.5456   0.8196   0.8196  -0.1471   0.5276   0.4365  -0.1492   0.4636   0.4636   1.0000   0.0208
logI          0.0208   0.7355   0.7019   1.0000   0.5642   0.5749   0.6496   0.7293   0.2422   0.7293   0.0626  -0.3376   0.9205   0.7143   0.1852   0.9102   0.0849   0.4704   0.3447  -0.2767  -0.2767  -0.0082   0.4170   0.4989  -0.0102   0.5435   0.5435   0.0208   1.0000



COEFFICIENTS OF AUTOCORRELATION
Order           1       2       3       4       5
c          0.6164  0.6076  0.5986  0.5893  0.5799
h          0.9892  0.9773  0.9642  0.9502  0.9353
a          0.5720  0.5468  0.5204  0.4934  0.4663
i          0.8825  0.8418  0.8003  0.7584  0.7169
d          0.9994  0.9978  0.9951  0.9914  0.9867
r          0.9994  0.9977  0.9949  0.9912  0.9865
a_T        0.5894  0.5613  0.5332  0.5053  0.4780
a_N        0.5646  0.5411  0.5158  0.4893  0.4623
y_T        0.9683  0.9396  0.9086  0.8757  0.8415
y_N        0.5646  0.5411  0.5158  0.4893  0.4623
k_T        0.9676  0.9320  0.8941  0.8547  0.8145
k_N        0.8749  0.7676  0.6758  0.5974  0.5305
i_T        0.9587  0.9313  0.8997  0.8653  0.8289
i_N        0.7351  0.6187  0.5189  0.4335  0.3605
h_T        0.9795  0.9561  0.9305  0.9032  0.8748
h_N        0.9363  0.8726  0.8098  0.7486  0.6895
lambda     0.6565  0.6501  0.6433  0.6363  0.6291
z          0.9500  0.9025  0.8574  0.8145  0.7738
g          0.0000  0.0000  0.0000  0.0000  0.0000
p          0.9727  0.9470  0.9226  0.8992  0.8767
p_N        0.9727  0.9470  0.9226  0.8992  0.8767
tb         0.9722  0.9400  0.9050  0.8679  0.8297
delta_c    0.0255  0.0216  0.0182  0.0153  0.0129
delta_y    0.0686  0.0658  0.0625  0.0589  0.0550
tby        0.9718  0.9396  0.9045  0.8675  0.8292
y          0.8077  0.7832  0.7576  0.7311  0.7039
logY       0.8077  0.7832  0.7576  0.7311  0.7039
logC       0.6164  0.6076  0.5986  0.5893  0.5799
logI       0.8825  0.8418  0.8003  0.7584  0.7169
Total computing time : 0h00m00s
